Knotenverschiebungsvektor v:

[[ 0.00212492]
 [-0.0002571 ]
 [ 0.00273115]
 [ 0.00031537]
 [ 0.00273115]
 [-0.0002571 ]
 [ 0.00211299]
 [ 0.00031537]
 [ 0.00122723]
 [-0.00024119]
 [ 0.0011962 ]
 [ 0.00026019]
 [ 0.00116516]
 [ 0.00007971]
 [ 0.00112675]
 [ 0.00005464]
 [ 0.00094555]
 [ 0.00002957]
 [ 0.        ]
 [ 0.        ]
 [ 0.00091576]
 [ 0.00020786]
 [ 0.00111412]
 [ 0.00020485]
 [ 0.00113939]
 [ 0.00023261]
 [ 0.00052119]
 [ 0.00017934]
 [ 0.00058212]
 [-0.00015233]
 [ 0.        ]
 [ 0.        ]
 [ 0.        ]
 [ 0.        ]
 [ 0.00113939]
 [-0.00020564]
 [ 0.        ]
 [ 0.        ]]

Lagerreaktionskräfte p:

[[  0.        ]
 [  0.        ]
 [  5.        ]
 [ -5.        ]
 [  0.        ]
 [  0.        ]
 [  8.        ]
 [  0.        ]
 [  0.        ]
 [  0.        ]
 [  0.        ]
 [  0.        ]
 [ 10.        ]
 [-10.        ]
 [  0.        ]
 [  0.        ]
 [  0.        ]
 [  0.        ]
 [-32.47849185]
 [ 46.69827048]
 [ 20.        ]
 [  0.        ]
 [ 15.        ]
 [ -5.        ]
 [  0.        ]
 [  0.        ]
 [  0.        ]
 [  0.        ]
 [  0.        ]
 [  0.        ]
 [-25.52150815]
 [ 81.88351901]
 [  0.        ]
 [-56.34108042]
 [  0.        ]
 [  0.        ]
 [ -0.        ]
 [-52.24070907]]

Stabdehnung:		Stabspannung

-0.00001125		-22507.90790393
0.		0.
-0.		-0.
0.00000796		15915.49430919
-0.00003448		-68967.14200649
0.00002069		41380.28520389
0.00002069		41380.28520389
0.00002507		50138.72128217
0.00002507		50138.72128217
0.00001183		23658.53913608
-0.00010047		-200938.9763964
-0.00000301		-6016.40917261
-0.00001495		-29891.99773563
-0.00000796		-15915.49430919
-0.		-0.
0.00002759		55173.71360519
0.00002759		55173.71360519
0.00003551		71022.58424485
0.00004062		81237.4835307
-0.00007616		-152326.69144508
0.		0.
0.00008967		179339.22895245
-0.0000677		-135395.80588449
-0.00005894		-117880.99830504
-0.		-0.
-0.00003554		-71089.20791438
0.00000842		16845.43580585
0.00000842		16845.43580585
-0.00002387		-47737.82725569
0.		0.
0.00008314		166287.34158722
0.00001986		39720.27321914
-0.00003554		-71089.20791438
-0.00005744		-114887.15098217
