Knotenverschiebungsvektor v:

[[ 0.17846075]
 [-0.02461834]
 [-0.05416533]
 [-0.15233457]
 [-0.08044001]
 [-0.2410169 ]
 [ 0.03672809]
 [-0.19863836]
 [ 0.09342115]
 [-0.03872053]
 [ 0.08550447]
 [-0.01656641]
 [ 0.12519903]
 [-0.03872053]
 [-0.06433617]
 [-0.48991558]
 [ 0.00621553]
 [-0.44753704]
 [ 0.        ]
 [ 0.        ]
 [ 0.03432661]
 [-0.03971093]
 [-0.35391941]
 [-0.53766206]
 [-0.05360027]
 [-0.5678863 ]
 [-0.06667555]
 [-0.47239334]
 [ 0.05262859]
 [-0.06781145]
 [ 0.05262859]
 [ 0.        ]
 [-0.03333778]
 [ 0.02768152]
 [ 0.        ]
 [ 0.        ]]

Lagerreaktionskräfte p:

[[ 50000.        ]
 [     0.        ]
 [     0.        ]
 [     0.        ]
 [     0.        ]
 [     0.        ]
 [     0.        ]
 [     0.        ]
 [     0.        ]
 [     0.        ]
 [     0.        ]
 [     0.        ]
 [     0.        ]
 [     0.        ]
 [     0.        ]
 [     0.        ]
 [     0.        ]
 [     0.        ]
 [-26213.01635827]
 [ 17751.47884998]
 [     0.        ]
 [     0.        ]
 [-40000.        ]
 [-60000.        ]
 [     0.        ]
 [     0.        ]
 [     0.        ]
 [     0.        ]
 [     0.        ]
 [     0.        ]
 [     0.        ]
 [     0.        ]
 [     0.        ]
 [ 40000.        ]
 [ 16213.01635827]
 [  2248.52115002]]

Stabdehnung:		Stabspannung

-0.0126313		-25262595.55802117
-0.01751646		-35032916.78298234
0.02825236		56504712.12331453
-0.05669306		-1.13386129e+08
-0.05669306		-1.13386129e+08
0.00536795		10735897.67016612
0.02646304		52926079.56659254
-0.02245463		-44909267.71578766
0.01486321		29726415.62638897
0.0107359		21471795.34033222
0.02825236		56504712.12331428
-0.03995487		-79909730.2227788
0.		0.
0.03395511		67910212.28864744
0.02288441		45768814.45314844
-0.02412228		-48244566.49252763
0.0465864		93172807.8466686
0.02750363		55007269.10934129
-0.0203417		-40683403.77355498
0.03183099		63661977.23675851
0.09003163		1.80063263e+08
0.00715727		14314530.22688828
0.00506095		10121901.39293211
-0.04859406		-97188115.89686945
0.07081924		1.41638485e+08
0.06366198		1.27323954e+08
-0.09509258		-1.90185165e+08
0.		0.
0.06366198		1.27323954e+08
0.02222518		44450368.80353511
0.00506095		10121901.39293255
0.02222518		44450368.80353509
0.		0.
