Knotenverschiebungsvektor v:

[[ 0.0126228 ]
 [-0.00735536]
 [ 0.00965188]
 [-0.00203633]
 [ 0.00510215]
 [ 0.00143303]
 [ 0.00210027]
 [ 0.00092374]
 [ 0.00210027]
 [-0.00120872]
 [ 0.0048475 ]
 [-0.00168618]
 [ 0.0072705 ]
 [-0.00724395]
 [ 0.01284561]
 [-0.01308916]
 [ 0.00965188]
 [ 0.00143303]
 [ 0.00011698]
 [ 0.00041444]
 [ 0.00006952]
 [-0.00047661]
 [ 0.        ]
 [ 0.        ]
 [ 0.        ]
 [ 0.        ]
 [ 0.        ]
 [ 0.        ]]

Lagerreaktionskräfte p:

[[   0.        ]
 [   0.        ]
 [   0.        ]
 [   0.        ]
 [   0.        ]
 [   0.        ]
 [   0.        ]
 [   0.        ]
 [   0.        ]
 [   0.        ]
 [   0.        ]
 [   0.        ]
 [   0.        ]
 [   0.        ]
 [  40.        ]
 [ -30.        ]
 [   0.        ]
 [   0.        ]
 [   0.        ]
 [   0.        ]
 [   0.        ]
 [   0.        ]
 [ -79.21151296]
 [-118.81726944]
 [ 123.33333333]
 [  22.63453888]
 [ -84.12182037]
 [ 126.18273056]]

Stabdehnung:		Stabspannung

0.00012456		249116.89019601
0.00027009		540189.78969427
0.00025465		509295.81789407
-0.		-0.
-0.00009003		-180063.26323142
-0.00012732		-254647.90894703
-0.00023873		-477464.82927569
-0.0000557		-111408.46016433
0.00011141		222816.92032865
-0.00006752		-135047.44742357
0.00008897		177940.6358543
-0.00017507		-350140.87480217
-0.		-0.
0.		0.
0.00025465		509295.81789407
-0.00002373		-47460.98256489
-0.00036606		-732112.73822273
0.00009003		180063.26323142
-0.00014235		-284705.01736687
0.00022727		454548.3820978
0.00015529		310573.36198405
0.		0.
-0.00019858		-397164.25129166
-0.00024136		-482725.75440247
0.		0.
